50
3
1 2 3
2 3 5
3 5 6
2 3 4
1 2 3
7
36 37 38 39 40 41 42
4 11 18 25 32 39 46
15 16 17 18 19 20 21
29 30 31 32 33 34 35
2 9 16 23 30 37 44
22 23 24 25 26 27 28
3 10 17 24 31 38 45
8 9 10 11 12 13 14
1 2 3 4 5 6 7
5 12 19 26 33 40 47
43 44 45 46 47 48 49
6 13 20 27 34 41 48
1 8 15 22 29 36 43
10
9 10 11 12 13 14 15 16 17 18
3 4 5 6 7 8 9 10 11 12
4 5 6 7 8 9 10 11 12 13
1 2 3 4 5 6 7 8 9 10
7 8 9 10 11 12 13 14 15 16
7 8 9 10 11 12 13 14 15 16
3 4 5 6 7 8 9 10 11 12
6 7 8 9 10 11 12 13 14 15
1 2 3 4 5 6 7 8 9 10
8 9 10 11 12 13 14 15 16 17
5 6 7 8 9 10 11 12 13 14
10 11 12 13 14 15 16 17 18 19
2 3 4 5 6 7 8 9 10 11
6 7 8 9 10 11 12 13 14 15
5 6 7 8 9 10 11 12 13 14
10 11 12 13 14 15 16 17 18 19
8 9 10 11 12 13 14 15 16 17
4 5 6 7 8 9 10 11 12 13
9 10 11 12 13 14 15 16 17 18
4
3 5 7 8
5 8 10 12
4 6 8 10
1 3 4 5
5 8 10 12
1 2 3 5
3 7 8 10
8
14 18 23 27 31 34 36 37
2 6 9 12 14 15 16 18
18 26 28 30 38 39 43 44
3 10 11 14 17 20 22 26
14 17 20 26 31 35 38 39
20 28 29 33 39 41 45 46
9 11 16 20 23 24 28 29
2 3 7 10 14 16 18 20
12 14 17 23 27 29 30 33
10 15 20 23 26 28 31 32
16 22 26 31 36 41 43 45
6 10 12 15 18 22 26 28
16 22 24 29 35 38 41 42
15 20 21 28 34 38 39 41
18 26 28 32 37 42 44 46
6
5 6 9 12 13 17
6 8 9 12 15 16
9 10 15 16 18 22
10 11 13 14 18 20
8 10 12 13 16 18
2 4 6 8 10 12
4 5 6 8 10 12
7 8 12 13 14 19
4 5 8 10 11 14
2 4 5 7 9 10
12 14 17 19 22 25
10
11 12 13 14 15 16 17 18 19 20
1 2 3 4 5 6 7 8 9 10
6 16 26 36 46 56 66 76 86 96
1 11 21 31 41 51 61 71 81 91
91 92 93 94 95 96 97 98 99 100
3 13 23 33 43 53 63 73 83 93
81 82 83 84 85 86 87 88 89 90
2 12 22 32 42 52 62 72 82 92
8 18 28 38 48 58 68 78 88 98
41 42 43 44 45 46 47 48 49 50
9 19 29 39 49 59 69 79 89 99
4 14 24 34 44 54 64 74 84 94
51 52 53 54 55 56 57 58 59 60
7 17 27 37 47 57 67 77 87 97
10 20 30 40 50 60 70 80 90 100
71 72 73 74 75 76 77 78 79 80
21 22 23 24 25 26 27 28 29 30
61 62 63 64 65 66 67 68 69 70
31 32 33 34 35 36 37 38 39 40
5
16 18 20 26 30
1 4 6 10 14
4 7 12 14 18
8 12 14 18 21
6 8 14 17 20
10 13 18 22 26
14 15 21 26 30
4 7 8 13 15
12 14 17 22 26
5
6 7 9 10 11
3 6 7 9 11
7 9 10 13 16
9 10 13 15 17
10 11 16 18 20
5 7 9 11 13
11 13 15 17 20
7 9 10 14 15
9 11 14 15 18
3
1 2 3
1 2 3
3 4 5
3 4 5
2 3 4
8
4 8 11 12 14 17 19 20
1 3 5 6 7 9 10 11
9 12 15 17 18 20 22 23
3 4 6 8 9 10 11 12
9 11 16 17 20 22 23 25
1 2 3 4 6 8 9 11
3 6 9 11 13 15 16 18
7 10 13 14 16 18 20 22
11 15 18 20 22 23 25 26
11 12 17 19 22 23 24 26
8 10 15 16 18 20 22 23
2 4 7 8 10 12 13 15
5 7 9 11 13 15 16 17
10 13 16 19 21 22 23 24
6 9 13 15 16 18 21 22
9
6 8 10 11 14 15 16 19 20
15 16 17 19 21 23 25 26 30
9 10 13 14 16 17 20 23 25
4 6 7 9 10 12 14 16 17
13 15 16 17 18 20 22 25 28
5 7 9 10 12 14 15 17 19
11 13 14 16 17 19 21 24 27
6 7 9 10 12 13 14 16 17
2 4 5 6 7 9 11 13 15
13 17 19 20 23 25 27 28 30
2 4 6 7 8 9 11 12 13
7 9 10 11 13 14 16 17 19
8 10 12 14 15 16 17 18 21
7 9 12 13 15 16 18 21 23
9 12 14 15 16 17 19 20 23
12 16 17 19 21 23 24 25 26
11 14 15 16 18 20 21 22 25
2
6 8
4 8
2 6
7
2 4 5 6 8 10 12
6 7 9 10 12 13 14
5 7 9 11 13 14 16
4 6 7 10 12 13 15
12 15 16 17 19 21 23
11 13 14 16 18 19 20
10 11 13 16 18 19 21
8 10 12 14 15 18 19
4 6 7 9 10 11 13
12 13 14 17 19 20 23
8 10 11 12 14 16 17
6 9 10 12 14 16 17
10 12 13 14 15 18 19
8
26 31 41 44 48 50 53 57
14 24 29 32 36 38 39 47
19 25 31 33 38 41 42 52
13 17 21 28 32 33 37 44
3 7 11 12 14 19 21 26
21 30 36 37 42 46 48 56
22 24 28 35 38 41 46 50
7 9 12 17 21 24 28 35
25 28 29 36 39 42 48 53
3 6 9 13 17 22 25 30
11 15 18 21 26 28 29 38
6 9 15 20 24 25 30 31
17 21 26 33 36 38 42 48
9 12 18 25 29 31 36 41
30 35 38 42 47 52 56 57
4
1 2 3 4
2 3 4 5
4 5 6 7
3 4 5 6
4 5 6 7
1 2 3 4
2 3 4 5
10
18 21 25 28 30 32 35 37 39 41
10 12 17 19 23 24 27 28 32 34
20 26 28 32 34 35 38 41 44 45
2 3 4 7 8 10 13 15 18 20
7 10 15 17 19 22 24 28 30 32
4 8 13 14 17 20 23 25 27 30
16 17 23 24 26 30 33 34 36 38
21 25 30 32 35 38 41 43 44 45
5 7 8 10 13 16 18 21 24 26
2 5 6 7 10 13 16 18 19 21
3 7 10 11 12 15 17 21 23 25
6 10 13 15 17 18 20 23 26 28
18 24 26 29 32 33 36 39 42 44
13 18 20 23 27 30 33 35 38 41
8 13 17 20 23 24 26 30 31 35
15 21 23 25 28 32 34 37 39 43
19 23 27 30 31 35 38 39 42 44
13 15 20 22 24 27 30 32 33 35
10 16 18 21 24 27 30 32 35 38
7
6 8 9 12 14 16 18
9 11 12 14 15 16 20
2 4 5 7 9 10 11
5 7 8 10 12 13 15
4 5 7 9 11 12 13
9 14 16 18 20 22 24
2 4 5 6 7 8 9
7 10 12 13 15 18 20
11 13 15 18 20 21 24
10 12 13 16 18 20 22
8 12 13 15 16 20 21
7 9 10 12 13 15 18
4 5 7 8 10 12 14
2
2 6
6 8
2 4
4
5 6 7 8
9 10 11 12
3 7 11 15
13 14 15 16
4 8 12 16
1 5 9 13
1 2 3 4
2
4 8
7 12
4 7
7
4 5 6 7 8 9 10
3 4 5 6 7 8 9
2 3 4 5 6 7 8
1 2 3 4 5 6 7
4 5 6 7 8 9 10
5 6 7 8 9 10 11
6 7 8 9 10 11 12
2 3 4 5 6 7 8
5 6 7 8 9 10 11
7 8 9 10 11 12 13
6 7 8 9 10 11 12
3 4 5 6 7 8 9
7 8 9 10 11 12 13
9
3 5 6 11 13 15 16 17 21
1 2 5 8 9 12 13 16 18
1 3 5 6 7 9 10 11 14
16 17 23 24 25 26 30 34 38
18 21 26 28 30 32 34 35 40
5 7 10 12 15 18 20 23 26
13 16 20 21 24 25 28 31 35
8 11 12 13 17 20 23 26 28
5 6 10 12 14 16 18 21 22
12 15 18 20 23 24 26 28 32
2 5 7 10 13 14 16 17 18
14 18 22 28 31 32 35 38 40
10 16 18 23 24 26 28 30 34
11 17 21 26 27 28 31 34 35
6 10 12 13 18 20 21 24 28
7 13 14 17 20 23 24 25 30
9 13 15 18 20 22 24 27 31
4
5 8 10 14
4 7 8 11
7 12 14 16
6 11 13 16
2 4 5 7
2 3 5 6
3 7 9 12
9
11 13 17 19 21 25 29 31 37
5 8 12 13 16 18 20 23 29
7 8 12 13 16 19 22 24 30
12 16 18 23 24 28 32 34 40
8 12 16 17 18 21 24 26 33
19 20 24 30 33 37 40 42 45
19 22 23 29 32 33 40 44 48
22 23 26 31 37 40 44 47 48
4 5 8 11 15 17 19 22 26
15 18 21 26 30 31 33 36 44
22 24 26 31 34 36 42 47 52
26 30 34 37 40 44 45 48 53
11 13 17 19 23 26 30 31 35
26 29 33 35 39 42 48 52 53
8 12 16 17 20 21 23 26 34
4 7 8 11 12 15 19 22 26
15 16 20 21 24 30 33 37 39
3
2 3 4
3 4 5
2 3 4
1 2 3
1 2 3
4
14 21 41 57
33 51 59 74
41 56 59 91
21 41 51 66
17 41 56 65
57 65 74 94
14 17 33 52
7
10 15 21 24 28 30 33
6 10 14 17 19 22 23
8 10 14 17 19 22 24
3 6 9 10 11 12 15
8 12 20 22 25 28 31
12 14 18 22 25 28 30
13 17 20 23 28 31 33
9 11 15 19 20 25 28
7 11 17 19 20 25 28
2 3 4 6 7 8 10
4 9 12 14 15 18 20
6 7 12 14 17 20 21
3 6 7 10 11 14 17
3
2 3 4
3 4 5
1 2 3
3 4 5
2 3 4
4
4 6 9 10
10 12 14 18
2 4 7 10
4 6 9 12
9 10 15 18
7 9 12 14
7 9 12 15
6
2 7 8 10 14 16
11 16 19 20 25 30
2 5 6 11 15 17
7 9 12 16 18 20
14 18 23 25 26 32
10 13 18 20 25 27
16 22 25 30 33 37
6 12 16 18 23 25
15 18 21 25 26 33
17 20 22 27 32 37
5 9 10 13 18 22
9
13 18 19 22 25 30 32 36 40
19 20 22 28 33 36 39 42 46
9 14 15 20 21 25 29 33 35
8 9 14 16 20 22 26 28 30
5 9 11 14 16 19 22 24 30
13 17 18 22 26 30 34 36 40
1 4 5 8 9 13 16 19 20
24 26 30 31 35 40 42 46 48
16 19 20 26 30 32 35 37 42
1 3 6 8 12 13 17 21 24
4 6 8 9 14 18 21 22 26
20 22 25 30 35 40 42 45 48
8 13 14 16 20 22 26 29 31
17 21 22 26 29 34 35 39 42
3 6 9 13 14 17 19 20 22
6 8 11 14 15 18 20 22 25
21 22 24 29 33 36 37 42 45
2
2 22
2 22
22 222
2
2 4
2 6
4 8
10
3 11 18 19 20 21 22 23 24 51
8 16 23 29 34 38 41 43 44 61
5 13 20 26 31 32 33 34 35 54
1 2 3 4 5 6 7 8 9 46
7 15 22 28 33 37 40 41 42 59
2 10 11 12 13 14 15 16 17 48
3 11 18 19 20 21 22 23 24 50
5 13 20 26 31 32 33 34 35 55
7 15 22 28 33 37 40 41 42 58
47 48 51 53 54 57 59 61 62 64
4 12 19 25 26 27 28 29 30 52
46 49 50 52 55 56 58 60 63 64
8 16 23 29 34 38 41 43 44 60
4 12 19 25 26 27 28 29 30 53
9 17 24 30 35 39 42 44 45 63
6 14 21 27 32 36 37 38 39 56
6 14 21 27 32 36 37 38 39 57
2 10 11 12 13 14 15 16 17 49
1 2 3 4 5 6 7 8 9 47
4
5 8 9 12
1 3 6 7
7 10 12 15
6 8 9 12
8 10 12 15
1 3 5 8
3 5 8 10
7
1 2 3 4 5 6 22
1 2 3 4 5 6 23
5 10 14 17 19 20 31
2 7 8 9 10 11 25
3 8 12 13 14 15 27
5 10 14 17 19 20 30
3 8 12 13 14 15 26
23 24 27 29 31 33 34
6 11 15 18 20 21 33
4 9 13 16 17 18 28
22 25 26 28 30 32 34
2 7 8 9 10 11 24
4 9 13 16 17 18 29
7
2 4 8 10 15 18 19
8 11 18 23 25 26 27
12 14 19 26 29 32 33
4 9 11 14 19 21 25
22 25 30 34 38 40 42
18 22 26 32 33 37 40
19 26 27 33 37 41 42
2 4 8 12 13 18 22
8 13 18 19 22 24 30
18 21 24 30 32 37 41
15 20 25 29 30 32 38
10 15 23 26 29 30 34
13 19 22 29 30 33 37
2
2 22
22 222
22 222
3
1 2 4
4 6 8
1 3 4
2 4 6
4 5 8
4
8 10 12 13
2 4 5 9
1 2 3 7
2 4 5 10
3 5 6 12
1 2 3 8
7 9 11 13
8
14 20 25 30 34 39 42 44
9 11 18 25 28 33 36 39
29 32 36 40 44 49 50 58
27 28 36 44 50 54 58 59
13 14 21 30 33 37 40 42
12 15 18 21 22 26 31 36
16 19 22 34 38 39 44 48
19 23 28 33 38 41 46 50
20 21 26 39 41 44 49 53
8 9 15 20 23 26 32 38
24 27 31 42 46 49 50 58
4 7 12 14 19 24 29 33
7 9 11 14 19 21 27 28
33 38 39 42 48 53 58 59
24 26 33 37 39 44 49 54
7
42 62 75 107 120 137 143
94 112 132 143 164 186 194
9 14 31 42 53 58 77
9 15 30 37 46 71 94
30 53 56 75 89 95 125
71 101 110 137 150 165 171
46 91 98 120 139 149 164
31 54 56 96 98 110 132
58 93 95 118 149 165 186
77 112 125 135 164 171 194
15 38 54 62 86 93 112
14 38 53 72 91 101 112
37 72 96 107 112 118 135
9
25 29 33 40 45 49 53 56 59
22 26 29 38 42 46 51 53 54
4 7 11 12 16 20 22 24 27
20 24 28 34 39 44 45 49 53
24 27 31 43 45 49 53 56 58
20 23 24 31 36 44 46 49 52
12 18 23 25 30 31 35 40 45
11 14 19 21 22 24 27 33 37
8 13 14 18 20 24 26 27 32
17 19 22 30 31 39 42 45 48
16 20 26 29 31 36 38 45 49
28 34 37 45 49 53 54 58 63
13 14 19 23 26 28 29 31 35
7 13 14 18 19 23 25 29 34
14 18 21 25 29 34 38 43 46
24 25 27 35 38 45 51 53 56
4 8 13 14 17 20 24 25 28
3
1 3 4
4 6 7
1 2 3
2 5 6
3 6 7
10
3 4 6 8 9 12 13 14 15 16
7 8 10 12 13 15 16 18 20 21
5 7 8 10 12 13 15 16 18 20
10 12 13 15 18 19 20 22 24 27
12 14 16 18 21 22 24 26 28 29
11 13 15 16 19 20 21 23 26 28
2 3 5 7 8 10 11 12 14 15
9 10 14 15 17 19 20 22 24 26
12 14 18 20 21 22 23 26 28 30
3 4 7 8 9 10 13 14 16 17
13 16 19 21 23 24 26 28 29 31
8 9 12 13 16 17 19 21 23 25
15 16 20 21 24 26 28 30 31 32
11 13 16 18 19 20 21 24 26 28
14 15 18 20 22 24 26 28 29 30
2 3 5 7 8 9 11 12 13 14
7 8 10 12 14 15 18 20 21 22
5 6 8 10 12 14 16 18 19 20
14 17 20 22 25 27 28 29 30 32
10
27 35 80 96 115 134 154 156 175 198
56 80 99 116 130 141 152 162 176 205
123 134 161 171 188 205 230 252 257 277
79 105 130 146 170 188 203 218 230 235
118 166 176 198 230 257 269 287 311 339
34 35 73 80 105 116 120 145 166 180
158 198 213 223 235 288 289 314 339 359
143 180 205 230 237 277 289 290 314 359
16 27 52 72 79 94 99 111 118 143
52 73 99 111 140 161 181 203 211 213
77 96 111 132 146 163 169 183 198 230
72 80 116 132 155 171 193 205 215 223
102 115 140 155 170 185 209 214 230 237
99 120 152 169 209 230 234 252 281 289
153 175 211 215 230 263 281 298 311 314
94 116 141 163 185 205 213 239 263 288
111 145 162 183 214 252 255 264 298 314
141 156 203 205 218 239 252 264 287 290
139 154 181 193 203 213 234 255 269 289
7
1 6 8 13 18 23 25
8 11 14 20 25 29 33
22 24 33 38 40 45 50
1 4 6 10 12 17 22
25 26 31 37 42 43 50
23 24 28 33 38 39 45
6 9 12 15 18 20 24
12 18 25 29 30 38 42
10 15 20 23 27 33 37
6 12 14 16 24 28 31
18 19 24 27 30 33 40
17 20 29 30 33 39 43
4 9 11 14 19 24 26
2
2 4
6 8
4 8
10
17 26 29 36 39 42 44 47 51 57
24 28 32 33 40 46 50 51 55 60
19 30 31 37 43 44 45 50 55 58
9 16 21 25 29 33 37 38 40 43
7 11 14 17 20 24 26 29 32 35
21 25 29 30 38 42 44 47 50 56
8 13 17 19 21 27 28 30 33 37
18 21 26 28 37 38 40 44 45 55
12 20 23 29 33 36 38 42 46 48
3 4 7 8 9 12 15 17 19 23
15 23 25 33 36 39 40 44 50 54
11 14 17 19 25 29 33 36 37 38
4 7 9 14 16 20 21 25 28 29
26 29 35 37 43 48 54 57 58 64
17 20 24 27 33 36 39 42 44 51
7 9 14 17 21 23 25 29 31 37
23 34 37 38 47 51 55 56 60 64
13 16 20 21 29 33 36 39 43 47
3 5 7 11 13 17 18 21 24 26
